15974, 4230, 5760
3284, 2070, 2835
2925, 1035, 2565
3104, 855, 2340
2835, 810, 2610
2789, 900, 2700
2835, 855, 2610
2790, 810, 2340
2924, 855, 2295
2789, 810, 2295
2790, 855, 2385
2835, 855, 2340
2790, 810, 2430
2834, 855, 2520
4140, 855, 2340
2790, 855, 3735
2790, 855, 2340
2879, 855, 2385
2790, 855, 2340
2745, 855, 2295
2790, 855, 2295
2745, 855, 2340
2789, 855, 2385
3015, 855, 2430
2789, 855, 2295
2745, 900, 2385
3105, 855, 2340
2745, 855, 2520
2789, 855, 2295
2745, 810, 2340
2789, 855, 2340
2790, 855, 2295
3015, 855, 2340
3015, 855, 2475
2789, 900, 2565
2834, 900, 3150
2834, 855, 2340
2745, 855, 2295
3014, 900, 2475
2835, 855, 2295
2789, 810, 2340
2745, 810, 2655
2790, 810, 2565
2790, 810, 2565
2924, 855, 2340
2834, 855, 2340
3105, 810, 2295
3060, 810, 2385
2790, 855, 2295
2790, 810, 2295
3150, 810, 2340
2835, 810, 2340
2834, 810, 2340
2790, 810, 2340
2790, 810, 2565
2745, 810, 2520
2745, 855, 2295
2790, 810, 2340
3059, 810, 2340
2835, 855, 2295
2745, 855, 2295
2790, 810, 2520
2789, 810, 2295
2745, 855, 2295
2789, 810, 2340
2789, 810, 2340
3015, 855, 2385
3015, 810, 2340
2745, 810, 2340
2789, 810, 2295
3015, 810, 2655
3914, 810, 2610
2790, 855, 3375
2789, 810, 2565
3014, 900, 2340
3104, 855, 2340
3060, 855, 2430
2744, 855, 2430
2789, 810, 2610
2789, 810, 2295
3015, 810, 2565
2745, 855, 2610
2789, 855, 2340
2835, 855, 2565
3059, 900, 2340
3104, 855, 2340
2790, 810, 2295
2790, 855, 2520
2835, 855, 2340
3059, 855, 2565
2790, 810, 2340
2835, 810, 2340
3014, 855, 2340
3015, 810, 2385
2789, 855, 2295
2970, 855, 2565
2834, 810, 2520
2790, 855, 2340
2834, 810, 2340
2924, 810, 2565
2789, 855, 2295
2835, 810, 3195
2790, 855, 2520
2789, 855, 2340
2790, 810, 2520
3060, 855, 2655
2789, 855, 2430
3060, 855, 2430
3059, 855, 2475
3059, 810, 2655
2789, 855, 2475
2790, 810, 2385
3104, 855, 3510
2835, 855, 2520
2834, 855, 3150
3104, 855, 2520
2880, 855, 2295
2835, 810, 2340
2835, 855, 2295
2835, 855, 2340
2879, 810, 2340
3240, 1665, 4635
5715, 1710, 4545
5670, 1620, 4590
5670, 1035, 2475
2970, 810, 2250
2745, 810, 2250
2970, 810, 2295
3015, 810, 2295
2790, 810, 2295
2745, 855, 2250
2745, 765, 2295
2700, 810, 2295
2700, 855, 2385
2744, 810, 2475
2745, 810, 2295
2744, 810, 2340
3195, 810, 2340
2970, 810, 2295
2970, 855, 2385
2744, 855, 2250
2700, 810, 2340
2745, 810, 2295
2700, 810, 2385
2655, 810, 2250
2969, 810, 2295
2969, 855, 2295
3014, 810, 2250
3015, 810, 2385
3014, 810, 2340
3015, 765, 2340
3014, 765, 2340
3014, 810, 2340
2744, 855, 2295
2970, 810, 2430
2700, 900, 2565
3014, 810, 2475
3015, 810, 3510
3015, 810, 2565
2970, 810, 2385
2744, 810, 2295
2745, 855, 2340
2744, 855, 2295
2700, 855, 2295
2744, 855, 2295
2699, 810, 2520
2700, 810, 2340
2744, 855, 2250
2700, 855, 2250
2700, 855, 2340
2700, 855, 2340
3014, 810, 2340
2745, 810, 2295
2699, 855, 2340
2835, 855, 2295
2745, 810, 2295
2700, 900, 2295
2700, 900, 2295
2699, 855, 2295
2700, 810, 2295
2970, 810, 2340
2744, 810, 2295
2700, 855, 2250
2700, 810, 2295
2745, 810, 2250
2745, 855, 2295
2789, 810, 2295
2745, 855, 2250
2745, 810, 2250
2745, 900, 2385
3014, 810, 2340
2789, 810, 2295
2744, 855, 2295
3015, 810, 2340
2745, 765, 2340
3059, 810, 3330
2700, 855, 2295
2790, 810, 2295
2790, 810, 2295
2970, 810, 2340
2700, 855, 2295
2700, 900, 2250
2970, 855, 2520
2700, 810, 2385
2744, 810, 2295
2700, 810, 2250
2745, 810, 2295
2789, 810, 2385
2745, 810, 2340
2969, 855, 2520
3015, 810, 2295
2745, 810, 2340
2700, 855, 2475
3015, 810, 2340
2655, 855, 2250
2700, 855, 2295
2700, 855, 2295
2745, 855, 2340
2744, 855, 2250
2790, 810, 2295
2745, 810, 2295
2745, 810, 2295
3015, 810, 2655
2745, 900, 2520
3014, 855, 3150
2789, 810, 2565
2744, 810, 2295
3059, 810, 2565
3014, 765, 2565
3239, 810, 3060
2924, 810, 3105
3194, 810, 3285
3150, 810, 2790
2744, 810, 3285
3329, 810, 3240
3285, 765, 3105
2790, 810, 2340
3015, 855, 2340
3059, 810, 2340
2745, 810, 2340
2745, 810, 2385
2745, 810, 2295
2789, 810, 2295
2745, 810, 2250
2790, 765, 2295
2790, 810, 2340
2834, 810, 2250
2790, 810, 2565
2744, 810, 2610
2789, 855, 2475
2745, 855, 2520
2700, 855, 2295
2745, 810, 2295
2745, 810, 2520
2745, 855, 2250
2745, 810, 2250
2745, 855, 2295
3059, 765, 2340
2745, 810, 2295
2789, 810, 2520
2744, 855, 2340
2745, 855, 2295
3060, 810, 2295
2789, 810, 2295
2970, 855, 2295
2970, 900, 2565
2744, 855, 2385
2744, 900, 2250
2970, 855, 2565
3059, 810, 2610
2745, 855, 2520
2834, 810, 2295
2790, 810, 2340
3059, 855, 2385
2789, 855, 2250
3015, 855, 2340
2789, 855, 2295
3014, 855, 2340
2789, 855, 2295
3014, 855, 2295
3015, 855, 2340
2744, 900, 2295
2744, 855, 2295
2745, 855, 2340
3014, 900, 2295
2745, 855, 2295
2745, 810, 2385
2745, 855, 2295
3465, 855, 2295
2745, 855, 2295
2790, 810, 2385
3060, 855, 2430
2744, 855, 3060
2745, 855, 2295
2790, 810, 2565
2969, 855, 2295
2745, 855, 2430
2744, 855, 2295
2700, 855, 2295
2700, 810, 2295
2835, 855, 2295
2790, 810, 2520
2745, 855, 2295
2835, 765, 2295
2790, 855, 2295
2745, 855, 2520
2789, 855, 2520
2745, 810, 2340
2744, 855, 2295
2745, 900, 2340
2744, 855, 3645
2700, 855, 2295
2745, 810, 2295
2700, 855, 2340
2789, 855, 2295
2745, 810, 2520
2699, 855, 2295
2745, 855, 2295
2700, 855, 2250
2700, 855, 2475
2700, 855, 2295
2655, 900, 2295
2655, 855, 2475
2880, 900, 2520
2655, 855, 2250
2700, 855, 2295
2745, 810, 2295
2655, 855, 2295
2655, 810, 2295
2700, 855, 2295
2654, 855, 2340
2654, 855, 2250
2700, 855, 2295
2654, 855, 2520
2699, 855, 2295
2700, 810, 2610
2700, 855, 2295
2969, 810, 2565
2700, 855, 2475
2700, 810, 2295
2700, 855, 2295
2745, 855, 2520
2744, 810, 2295
2700, 855, 2295
2745, 900, 2295
3015, 855, 2250
2700, 810, 2340
2700, 765, 2340
2744, 855, 2250
2700, 810, 2340
2969, 810, 2565
2700, 810, 2295
2744, 855, 2340
2789, 855, 2520
2925, 855, 2295
2700, 810, 2430
3014, 810, 3555
2700, 855, 2295
2699, 855, 2295
2700, 810, 2250
2700, 855, 2250
2700, 855, 2250
2970, 810, 2565
2655, 855, 2250
2655, 810, 2295
2969, 855, 2295
2970, 855, 2340
2699, 855, 2520
2699, 855, 2475
2699, 900, 2250
2925, 855, 2340
2700, 855, 2250
2925, 855, 2295
2745, 810, 2295
2655, 855, 2250
2700, 855, 2250
2925, 855, 2295
2700, 855, 2295
2969, 810, 2295
2700, 855, 2295
2700, 810, 2295
2700, 855, 2295
2970, 855, 2340
2744, 810, 2295
2744, 855, 2295
2970, 810, 2430
2699, 855, 2385
2699, 810, 2295
2699, 810, 2385
2745, 855, 2295
3015, 810, 2340
2699, 810, 2340
2699, 855, 2250
2700, 855, 2295
2700, 810, 2340
2744, 810, 2295
2655, 855, 2475
2700, 855, 2295
2834, 810, 2295
2970, 855, 2340
2925, 855, 2295
2700, 900, 2340
2745, 855, 2520
2970, 855, 2565
2925, 855, 2340
2700, 900, 2295
2700, 855, 2295
2744, 810, 2295
2745, 855, 2520
2744, 810, 2295
2970, 810, 2295
2790, 810, 2295
2744, 810, 2520
2699, 855, 2295
2655, 855, 2385
3015, 810, 2295
2745, 810, 2430
2744, 855, 2340
2925, 855, 2340
2699, 855, 2295
2745, 855, 2295
2700, 855, 2295
2745, 810, 2565
2969, 855, 2430
2834, 810, 2295
2700, 810, 2295
2744, 810, 2295
2745, 810, 2295
2834, 810, 2340
2700, 855, 2295
2744, 855, 2520
2745, 810, 2295
2745, 855, 2520
2744, 810, 2295
2744, 855, 2430
2789, 855, 2295
3014, 855, 2340
3014, 810, 2385
2745, 810, 2295
2700, 900, 2295
2744, 855, 2295
2745, 810, 2295
2699, 855, 2340
2744, 810, 2295
2834, 810, 2295
3014, 810, 2340
3014, 855, 2295
2745, 855, 2340
2700, 855, 2295
2655, 810, 2475
2700, 810, 2295
2745, 765, 2340
2699, 855, 2520
2699, 855, 2340
2699, 855, 2295
2970, 855, 2295
2744, 810, 2430
3014, 810, 2340
2700, 855, 2295
2700, 855, 2340
2745, 810, 2295
2745, 810, 2340
2700, 855, 2295
2699, 855, 2250
2700, 810, 2340
2744, 855, 2295
3464, 855, 2565
2969, 855, 2385
2655, 855, 2520
3060, 810, 2340
2700, 810, 2340
2655, 855, 2295
2700, 855, 2295
2655, 855, 2520
2970, 855, 2340
2790, 855, 2295
2655, 855, 2295
2970, 855, 2610
2969, 855, 2295
2700, 810, 2565
2699, 855, 2295
2700, 810, 2385
2970, 810, 2340
3060, 855, 2295
2700, 855, 2295
2699, 855, 2295
2744, 855, 2295
2744, 855, 2520
2700, 855, 2295
2925, 900, 2430
2699, 810, 2295
2700, 855, 2250
2790, 855, 2295
2700, 810, 2520
2700, 810, 2295
2970, 855, 2295
2700, 855, 2295
2744, 855, 2295
2700, 855, 2295
2744, 855, 2295
2834, 810, 2340
2700, 855, 2250
2745, 810, 2385
2744, 855, 2295
2745, 810, 2430
2970, 855, 2340
2789, 810, 2520
2745, 810, 2295
2744, 855, 2295
2700, 810, 2295
2745, 855, 2295
2745, 990, 2340
2925, 990, 2340
2834, 945, 2205
2699, 810, 2250
2744, 855, 2430
2655, 855, 2205
2970, 855, 2340
2744, 855, 2250
2700, 855, 2250
2700, 810, 2295
2700, 810, 2250
2700, 810, 2295
2700, 855, 2295
2699, 810, 2250
2655, 855, 2340
2700, 810, 2295
3014, 810, 2385
2700, 855, 2565
2655, 855, 2520
2699, 810, 2520
2744, 855, 2295
2744, 855, 2250
2925, 900, 2340
3015, 900, 2340
2699, 855, 2340
2655, 855, 2295
2699, 855, 2295
2744, 855, 2295
2699, 810, 2520
2969, 855, 2295
2700, 855, 2295
2655, 855, 2295
2655, 855, 2295
2789, 810, 2295
2655, 855, 2250
2699, 855, 2295
2699, 810, 2295
2655, 855, 2295
2700, 855, 2295
2744, 810, 2295
2745, 810, 2295
2700, 810, 2385
2700, 855, 2295
2655, 810, 2295
2744, 810, 2295
3960, 855, 2340
2744, 855, 2295
2699, 855, 2250
2925, 855, 2340
2744, 810, 2250
2970, 855, 2340
2699, 810, 2295
2699, 810, 2520
2699, 810, 2250
2700, 810, 2340
2699, 855, 2565
3014, 855, 2565
2700, 810, 2520
2699, 810, 2295
2655, 855, 2475
2700, 855, 2295
2744, 810, 2250
2700, 810, 2295
2790, 855, 2295
2969, 855, 2340
2699, 810, 2295
2700, 810, 2295
2700, 810, 2295
2699, 855, 2475
2700, 855, 2385
2744, 810, 2340
2700, 855, 2295
2789, 810, 2250
2655, 855, 2250
2700, 855, 2250
2745, 810, 2250
2970, 810, 2520
2745, 810, 2250
2700, 855, 2295
2700, 810, 2295
2655, 855, 2250
2700, 855, 2295
2745, 855, 2295
2655, 855, 2295
2744, 810, 2250
2700, 810, 2295
2970, 810, 2880
2925, 855, 2520
3014, 810, 2430
2970, 810, 2565
2744, 810, 2520
2744, 900, 2520
2744, 855, 2295
2700, 810, 2520
2700, 855, 2340
2789, 855, 2295
2699, 855, 2295
2699, 810, 2295
2655, 855, 2295
2700, 810, 2340
2699, 855, 2340
2969, 855, 2385
2700, 855, 2295
2744, 810, 2295
2970, 810, 2430
2699, 810, 2295
2655, 855, 2475
2655, 855, 2295
2970, 810, 2385
2744, 855, 2295
2699, 810, 2340
2970, 810, 2295
2700, 900, 2295
2700, 810, 2295
2700, 855, 2295
2745, 855, 2295
3600, 810, 2340
2655, 855, 2295
2655, 855, 2520
2970, 855, 2295
2700, 810, 2295
2700, 855, 2295
2700, 810, 2295
2970, 810, 2340
2700, 810, 2565
2700, 855, 2295
2699, 855, 2700
2654, 855, 2295
2700, 855, 2250
2655, 900, 2340
2699, 855, 2295
2699, 855, 2295
2655, 855, 2250
2655, 855, 2250
2925, 855, 2340
2655, 900, 2295
2655, 900, 2520
2655, 855, 2340
3059, 900, 2340
2655, 900, 2520
2699, 855, 2295
2700, 900, 2295
2700, 900, 2385
2655, 855, 2520
2655, 855, 2295
2700, 810, 2295
2745, 855, 2295
2700, 855, 2295
2700, 855, 2295
2700, 855, 2385
2700, 855, 2340
2699, 900, 2295
2655, 855, 2295
2700, 855, 2565
2744, 855, 2340
2655, 855, 2340
2699, 855, 2340
2699, 855, 2295
2699, 855, 2295
2700, 855, 2295
2700, 855, 2295
2655, 900, 2520
2699, 855, 2295
2654, 900, 2295
2655, 855, 2295
3015, 855, 2340
2699, 810, 2565
2699, 855, 2520
2700, 855, 2295
2655, 855, 2295
2969, 855, 2340
2700, 810, 2340
2699, 810, 2340
2699, 855, 2295
2700, 855, 2295
2699, 855, 2295
2745, 855, 2295
2700, 810, 2295
2700, 855, 2250
2655, 855, 2295
2700, 810, 2430
2655, 855, 2295
2699, 855, 2250
2925, 855, 2340
2969, 900, 2295
2655, 855, 2295
2969, 810, 2385
2970, 855, 2340
2699, 855, 2295
2655, 810, 2295
2655, 900, 2250
2655, 810, 2295
2745, 810, 2295
2655, 810, 2340
2969, 810, 2385
2700, 810, 2295
2744, 810, 2295
2655, 855, 2295
2655, 855, 2295
2655, 810, 2295
2655, 855, 2250
2700, 810, 2295
2654, 810, 2295
2699, 810, 2295
2655, 855, 2295
2655, 810, 2295
2700, 810, 2520
2699, 855, 2295
2655, 810, 2340
2654, 810, 2295
2610, 855, 2250
2655, 855, 2250
2655, 900, 2250
2925, 900, 2295
2700, 855, 2250
2655, 810, 2520
2654, 855, 2295
2655, 855, 2250
2655, 855, 2250
2655, 855, 2250
2655, 810, 2340
2655, 810, 2340
2744, 810, 2295
2610, 855, 2295
2655, 810, 2295
2654, 855, 2295
2925, 810, 2520
2655, 810, 2295
2655, 855, 2295
2610, 855, 2295
2655, 855, 2295
2654, 855, 2295
2655, 810, 2295
2924, 810, 2340
2654, 810, 2295
2655, 810, 2340
2655, 855, 2385
3014, 810, 2340
2610, 855, 2340
2699, 810, 2295
2655, 855, 2295
2655, 855, 2295
2699, 855, 2565
2699, 855, 2340
2969, 810, 2340
2655, 810, 2565
2699, 810, 2340
2925, 810, 2340
2699, 810, 2295
2655, 810, 2295
2655, 810, 2295
2790, 855, 2295
3195, 855, 2340
2699, 855, 2340
2654, 855, 2340
2924, 855, 2520
2655, 855, 2295
2655, 810, 2295
2655, 855, 2295
2655, 810, 2295
2655, 855, 2340
2610, 855, 2385
2654, 810, 2520
2654, 855, 2520
2655, 855, 2295
2700, 810, 2295
2655, 855, 2295
2969, 765, 2340
2699, 855, 2295
2925, 855, 2340
2700, 810, 2295
2700, 810, 2520
2700, 855, 2250
2745, 810, 2295
2699, 855, 2340
2745, 810, 2295
2699, 810, 2295
2699, 855, 2295
2700, 810, 2295
2655, 810, 2295
2700, 810, 2295
2699, 810, 2295
2700, 810, 2295
2699, 810, 2295
2969, 810, 2295
2700, 900, 2250
2655, 810, 2340
2655, 810, 2295
2654, 855, 2295
2610, 855, 2295
2925, 765, 2340
2654, 810, 2295
2699, 810, 2295
2655, 810, 2295
2610, 810, 2295
2655, 855, 2250
2880, 810, 2340
2655, 810, 2295
2969, 765, 2340
2969, 810, 2295
2654, 855, 2250
2745, 810, 2520
2655, 900, 2295
2654, 855, 2295
2700, 765, 2295
2610, 855, 2295
2655, 810, 2295
2654, 855, 2340
2699, 810, 2295
2655, 855, 2250
2655, 855, 2295
2699, 855, 2295
2655, 810, 2295
2655, 855, 2250
2655, 810, 2295
2969, 810, 2295
2655, 810, 2520
2655, 855, 2385
2699, 855, 2250
2700, 810, 2295
2655, 810, 2295
2655, 810, 2520
2610, 810, 2295
2655, 855, 2295
2699, 810, 2250
2655, 855, 2295
2699, 810, 2520
2699, 810, 2295
2655, 855, 2295
2924, 900, 2295
2699, 765, 2295
2699, 810, 2295
2654, 810, 2295
2700, 810, 2340
2655, 900, 2250
2655, 810, 2295
2699, 810, 2295
2699, 810, 2295
2655, 855, 2295
2654, 810, 2295
2925, 810, 2250
2925, 810, 2295
2655, 855, 2295
2654, 855, 2250
2655, 855, 2340
2655, 855, 2250
2655, 855, 2295
2654, 855, 2520
2655, 855, 2295
2654, 900, 2475
2700, 810, 2250
2655, 855, 2295
2699, 855, 2340
2655, 810, 2295
2655, 810, 2295
2699, 855, 2295
2699, 810, 2295
2880, 855, 2295
2655, 810, 2295
2655, 810, 2295
2745, 810, 2295
2655, 855, 2295
2699, 810, 2250
2880, 855, 2295
2655, 810, 2295
2699, 855, 2295
2699, 855, 2250
2655, 855, 2295
2700, 810, 2295
2699, 855, 2250
2700, 810, 2520
2655, 855, 2250
2700, 810, 2295
2700, 810, 2250
2655, 855, 2340
2655, 810, 2295
2699, 810, 2295
2654, 855, 2295
2655, 810, 2295
2654, 855, 2295
2654, 855, 2295
2925, 810, 2340
2655, 855, 2295
2699, 810, 2250
2699, 810, 2250
2655, 855, 2340
2744, 855, 2295
2925, 810, 2295
2655, 855, 2295
2700, 855, 2295
2744, 855, 2250
2745, 855, 2295
2655, 855, 2295
2699, 810, 2295
2699, 765, 2250
2700, 810, 2295
2655, 900, 2250
2925, 810, 2295
2655, 810, 2340
2699, 810, 2250
2925, 765, 2295
2655, 810, 2250
2655, 810, 2295
2699, 855, 2295
2699, 810, 2340
2699, 855, 2250
2655, 810, 2340
2699, 855, 2295
2655, 810, 2295
2699, 810, 2295
2655, 810, 2475
2699, 855, 2250
2700, 810, 2295
2700, 855, 2250
2700, 855, 2295
2700, 810, 2250
2700, 810, 2565
2699, 855, 2250
2700, 855, 2340
2700, 810, 2295
2655, 855, 2295
2699, 855, 2295
2655, 855, 2475
2700, 810, 2295
2699, 810, 2250
2655, 855, 2295
2655, 810, 2295
2700, 810, 2295
2700, 810, 2295
2745, 855, 2250
2700, 855, 2295
2700, 810, 2295
2700, 810, 2520
2700, 810, 2295
2790, 810, 2295
2744, 810, 2295
2655, 810, 2250
2700, 855, 2295
2699, 810, 2295
2655, 855, 2295
2699, 810, 2295
2655, 810, 2340
2699, 855, 2295
2655, 810, 2295
2969, 855, 2340
2699, 855, 2295
2699, 855, 2295
2745, 810, 2295
2744, 810, 2295
2790, 765, 2385
2700, 810, 2385
2700, 810, 2565
2655, 810, 2340
2744, 810, 2250
2655, 855, 2295
2654, 810, 2295
2610, 855, 2250
2655, 810, 2250
2655, 810, 2295
2655, 810, 2295
2699, 855, 2520
2655, 855, 2295
2744, 810, 2295
2610, 810, 2295
2655, 855, 2250
2880, 855, 2340
2654, 855, 2295
2654, 855, 2295
2610, 855, 2520
2654, 810, 2475
2655, 810, 2520
2655, 810, 2295
2699, 855, 2520
2655, 810, 2385
2699, 810, 2295
2744, 810, 2295
2655, 855, 2520
2655, 855, 2295
2655, 855, 2295
2700, 765, 2295
2655, 855, 2295
2744, 810, 2295
2699, 855, 2250
2700, 810, 2295
2699, 855, 2340
2655, 810, 2295
2745, 855, 2520
2655, 810, 2295
2700, 810, 2295
2699, 855, 2295
2655, 855, 2295
2654, 855, 2295
2699, 810, 2340
2699, 810, 2295
2744, 765, 2340
2744, 855, 2295
2700, 810, 2295
2700, 810, 2295
2745, 810, 2340
2745, 810, 2295
2744, 810, 2520
2970, 810, 2295
2744, 810, 2250
2745, 765, 2520
2700, 810, 2295
2744, 855, 2250
2745, 810, 2295
2700, 810, 2295
2700, 855, 2295
2699, 810, 2520
2700, 810, 2295
2700, 765, 2385
2745, 855, 2295
2835, 1125, 2385
2700, 855, 2295
2700, 855, 2250
2700, 855, 2250
2655, 810, 2340
2744, 855, 2295
2655, 855, 3600
2655, 900, 2295
2699, 855, 3555
2744, 900, 2385
2744, 855, 2430
2744, 810, 2385
2700, 900, 2295
2655, 855, 2295
2744, 855, 2295
2700, 810, 2250
2700, 855, 2250
2970, 855, 2385
2699, 855, 2295
2699, 900, 2385
2699, 855, 2295
2700, 810, 2295
2970, 855, 2295
2745, 855, 2295
2744, 855, 2250
2745, 900, 2295
2745, 810, 2340
2700, 855, 2295
2700, 855, 2295
2744, 855, 2250
2745, 855, 2295
2700, 855, 2340
2744, 855, 2295
2700, 855, 2295
2700, 855, 2295
2700, 900, 2250
2745, 855, 2295
2699, 855, 2385
2744, 810, 2385
2744, 855, 2250
2745, 810, 2295
2700, 855, 2295
2744, 855, 2295
2744, 810, 2295
2744, 855, 2295
2745, 855, 2295
2699, 855, 2295
2700, 810, 2340
2699, 855, 2295
2700, 855, 2295
2699, 900, 2295
2699, 855, 2295
2925, 900, 2295
2700, 855, 2295
2699, 900, 2250
2790, 855, 2520
2744, 855, 2295
2745, 810, 2295
2744, 855, 2250
2700, 900, 2295
2744, 855, 2520
2745, 855, 2250
2925, 900, 2295
2700, 855, 2295
2744, 900, 2295
2699, 855, 2295
2700, 900, 2295
2699, 900, 2295
2699, 900, 2295
2744, 855, 2250
2700, 855, 2565
2744, 855, 2295
2700, 810, 2295
2655, 855, 2295
2700, 855, 2250
2700, 855, 2295
2655, 855, 2250
2700, 855, 2520
2700, 810, 2295
2700, 855, 2295
2745, 900, 2250
2745, 855, 2295
2744, 855, 2295
2925, 855, 2340
2744, 810, 2385
2700, 855, 2295
2700, 855, 2385
2744, 855, 2565
2699, 855, 2295
2699, 855, 2340
2789, 855, 2295
2744, 855, 2295
2700, 900, 2520
2700, 855, 2295
2744, 855, 2295
2744, 810, 2295
2700, 855, 2250
2745, 810, 2385
2745, 900, 2295
2699, 855, 2340
2744, 855, 2295
2700, 810, 2295
2700, 810, 2340
3059, 810, 2520
2744, 810, 2250
3015, 810, 2295
2700, 855, 3105
2700, 810, 2295
2745, 855, 2295
2700, 810, 2295
2700, 810, 2295
2700, 810, 2295
2745, 810, 2295
2744, 855, 2295
2700, 855, 2295
2744, 810, 2295
2700, 855, 2295
2834, 855, 2250
2970, 810, 2295
2700, 855, 2250
2700, 855, 2250
3240, 855, 2520
2745, 855, 2295
3015, 855, 2340
2744, 855, 2340
2745, 810, 2295
2789, 855, 2250
2700, 810, 2295
2699, 810, 2295
2700, 810, 2295
2699, 810, 2340
2744, 855, 2295
2699, 855, 2295
2744, 810, 2250
2655, 855, 2250
2700, 810, 2295
2789, 810, 2340
2699, 855, 2295
2700, 855, 2250
2745, 810, 2385
2744, 810, 2295
2699, 810, 2250
2745, 810, 2295
2744, 810, 2295
2744, 810, 2295
2700, 855, 2295
2744, 810, 2295
2699, 900, 2340
2744, 855, 2295
2744, 855, 2295
2699, 855, 2295
2790, 900, 2295
2789, 855, 2295
2745, 855, 2295
2744, 855, 2295
2745, 855, 2295
2700, 810, 2520
2700, 855, 2295
2744, 810, 2295
2700, 810, 2295
2744, 855, 2295
2744, 855, 2250
2700, 855, 2295
2744, 855, 2295
2700, 855, 2250
2790, 855, 2295
2700, 855, 2250
2700, 900, 2250
2745, 810, 2295
2700, 900, 2385
2744, 855, 2250
2700, 900, 2295
2744, 855, 2250
2700, 855, 2295
2699, 855, 2295
2699, 900, 2475
2700, 900, 2250
2700, 810, 2250
2655, 900, 2250
2700, 855, 2250
2789, 855, 2295
2699, 855, 2340
2655, 855, 2340
2700, 855, 2250
2700, 900, 2475
2700, 855, 2295
2699, 855, 2250
2655, 900, 2250
2655, 855, 2475
2655, 900, 2520
2654, 855, 2385
2654, 900, 2250
2655, 855, 2295
2744, 855, 2340
2654, 855, 2295
3780, 855, 2520
2925, 855, 2340
2699, 810, 2340
2699, 855, 2250
2655, 900, 2295
2699, 855, 2295
2700, 855, 2295
2655, 810, 2340
2655, 945, 2250
2655, 900, 2295
2699, 810, 2385
2700, 855, 2295
3014, 855, 2295
2655, 855, 2340
2744, 855, 2295
2700, 855, 2295
2700, 855, 2295
2744, 855, 2295
2699, 900, 2295
2699, 855, 2250
2655, 855, 2295
2655, 855, 2250
2744, 855, 2250
2790, 810, 2295
2700, 945, 2295
2745, 810, 2520
2700, 855, 2295
2700, 900, 2250
2700, 855, 2295
2700, 810, 2295
2700, 810, 2295
2699, 900, 2385
2700, 810, 2295
2700, 855, 2250
2700, 855, 2520
2699, 855, 2250
2700, 855, 2250
2745, 855, 2295
2655, 855, 2295
2655, 855, 2340
2744, 900, 2385
2699, 855, 2385
2970, 855, 2295
2655, 855, 2295
2700, 855, 2250
2700, 900, 2250
2655, 900, 2250
2655, 855, 2295
2700, 855, 2520
2699, 855, 2295
2699, 900, 2250
2700, 855, 2295
2699, 900, 2250
2655, 900, 2250
2744, 855, 2340
2970, 855, 2295
4185, 855, 2295
2700, 900, 2250
2744, 855, 2295
2655, 900, 2250
2790, 855, 2250
2700, 900, 2250
2700, 900, 2295
2744, 855, 2250
2700, 900, 2250
2700, 900, 2295
2744, 855, 2250
2700, 855, 2250
2700, 900, 2250
2700, 855, 2295
2699, 855, 2250
2700, 855, 2250
2700, 900, 2295
2699, 900, 2295
2745, 900, 2295
2699, 900, 2250
2700, 855, 2250
2700, 855, 2250
2700, 900, 2475
2700, 900, 2295
2655, 900, 2295
2699, 855, 2295
2700, 855, 2295
2700, 900, 2295
2699, 855, 2250
2700, 900, 2385
2699, 900, 2295
2699, 855, 2295
2699, 900, 2385
2699, 900, 2295
2789, 900, 2250
2700, 855, 2250
2700, 900, 2250
2745, 855, 2250
2700, 855, 2250
2700, 855, 2295
2700, 810, 2295
2744, 855, 2385
2744, 900, 2250
2700, 855, 2250
2700, 900, 2250
2700, 855, 2295
2789, 900, 2340
2700, 855, 2250
2699, 900, 2340
2700, 855, 2295
2699, 855, 2385
2654, 900, 2295
2655, 855, 2250
2699, 900, 2250
2744, 855, 2205
2970, 810, 2295
2655, 900, 2250
2655, 855, 2250
2699, 810, 2475
2655, 855, 2340
2700, 855, 2295
2700, 855, 2295
2700, 855, 2295
3375, 855, 2295
2970, 855, 2295
2699, 855, 2295
2699, 855, 2295
2700, 855, 2250
2700, 855, 2250
2700, 810, 2295
2655, 900, 2250
2700, 855, 2295
2700, 900, 2250
2700, 855, 2250
2700, 855, 2430
2655, 900, 2385
2655, 900, 2250
2700, 855, 2250
2700, 855, 2295
2744, 855, 2295
2744, 810, 2295
2700, 810, 2295
2744, 810, 2925
2745, 855, 2295
2700, 855, 2295
2744, 855, 2295
2655, 900, 2340
2699, 855, 2340
2699, 900, 2295
2699, 855, 2295
2744, 855, 2250
2700, 900, 2250
2744, 855, 2295
2700, 900, 2295
2699, 900, 2250
2700, 855, 2295
2699, 855, 2295
2699, 855, 2250
2655, 855, 2295
2700, 810, 2295
2700, 855, 2250
2700, 855, 2295
2744, 810, 2295
2744, 810, 2295
2744, 810, 2340
2699, 810, 2295
2790, 855, 2295
2699, 855, 2295
2700, 855, 2340
2744, 855, 2250
2925, 900, 2385
2700, 855, 2250
2700, 810, 2295
2700, 855, 2250
2745, 810, 2295
2744, 765, 2295
2700, 810, 2340
2700, 855, 2250
2745, 810, 2250
2745, 810, 2250
2745, 765, 2295
2699, 810, 2295
2790, 855, 2250
2700, 855, 2295
2789, 765, 2295
2745, 810, 2250
2790, 810, 2385
2745, 855, 2250
2700, 855, 2250
2700, 855, 2385
2745, 855, 2250
2745, 855, 2250
2700, 810, 2295
2744, 855, 2205
2700, 810, 2295
2789, 855, 2250
2744, 855, 2250
2790, 810, 2295
2700, 855, 2385
2700, 810, 2250
2699, 855, 2295
2700, 810, 2250
2745, 810, 2295
2744, 810, 2250
2790, 810, 2250
2744, 855, 2250
2744, 810, 2385
2700, 855, 2250
2789, 810, 2295
2744, 810, 2340
2745, 855, 2295
2745, 855, 2295
2745, 810, 2295
2745, 810, 2295
2745, 855, 2295
2745, 810, 2295
2744, 810, 2385
2745, 855, 2295
2745, 855, 2340
2745, 855, 2295
2700, 810, 2295
2700, 855, 2250
2700, 855, 2295
2700, 855, 2385
2699, 855, 2295
2700, 810, 2295
2744, 855, 2295
2745, 855, 2250
2745, 810, 2295
3015, 810, 2340
3015, 855, 2340
2789, 855, 2295
2699, 855, 2295
2700, 855, 2250
2700, 900, 2250
2700, 900, 2340
2745, 900, 2295
2699, 900, 2295
2699, 855, 2295
2700, 855, 2250
2700, 900, 2385
2700, 900, 2250
2745, 855, 2385
2699, 945, 2250
2700, 900, 2250
2925, 900, 2340
2700, 855, 2295
2744, 855, 2295
2700, 855, 2340
2700, 900, 2250
2744, 855, 2250
3014, 900, 2340
2745, 810, 2295
2745, 855, 2295
2744, 810, 2295
2744, 900, 2250
2745, 810, 2295
2745, 810, 2250
2745, 900, 2295
2789, 855, 2295
2834, 855, 2250
2744, 900, 2250
2745, 855, 2250
2745, 900, 2295
2790, 900, 2520
2789, 855, 2295
2700, 855, 2295
2789, 855, 2250
2790, 855, 2295
2745, 855, 2295
2745, 855, 2295
2745, 900, 2250
2745, 855, 2295
2745, 945, 2250
2700, 900, 2250
2700, 855, 2340
2745, 900, 2250
2745, 855, 2250
2745, 900, 2250
2834, 855, 2250
2700, 855, 2250
2745, 900, 2250
2744, 855, 2295
2700, 855, 2295
2700, 855, 2295
2700, 855, 2295
2700, 855, 2295
2789, 855, 2295
2745, 855, 2295
2744, 900, 2250
2655, 855, 2250
2700, 855, 2295
2699, 855, 2250
2700, 810, 2340
2700, 855, 2385
2744, 855, 2295
2699, 900, 2250
2744, 810, 2295
2699, 900, 2250
2699, 855, 2250
2655, 855, 2250
2655, 810, 2295
2699, 855, 2250
2700, 855, 2250
2744, 810, 2520
2700, 855, 2250
2655, 855, 2385
2744, 855, 2340
2700, 855, 2340
2699, 855, 2295
2744, 810, 2250
2700, 855, 2250
2745, 855, 2250
2744, 810, 2295
2744, 900, 2250
2700, 855, 2250
2700, 855, 2250
2745, 855, 2250
2744, 855, 2250
2700, 855, 2295
2745, 900, 2340
2790, 990, 2295
2789, 945, 2205
2700, 900, 2250
2700, 855, 2475
2700, 810, 2295
2655, 900, 2250
2744, 900, 2340
2700, 855, 2250
2655, 855, 2295
2744, 855, 2250
2745, 810, 2295
2699, 855, 2250
2744, 810, 2295
2745, 810, 2295
3104, 855, 2295
2970, 855, 2430
2700, 855, 2250
2700, 900, 2250
2700, 855, 2250
2745, 810, 2295
2700, 900, 2295
2789, 855, 2295
2700, 855, 2295
2699, 900, 2250
2655, 855, 2295
2744, 810, 2295
2699, 855, 2250
2745, 810, 2385
2700, 855, 2250
2700, 855, 2250
2699, 855, 2250
2790, 900, 2250
2699, 855, 2295
2744, 900, 2295
2700, 855, 2295
2744, 855, 2295
2655, 900, 2250
2789, 855, 2295
2699, 900, 2295
2699, 855, 2250
2700, 855, 2250
2745, 855, 2340
2700, 900, 2295
2744, 855, 2385
2745, 900, 2295
2744, 855, 2250
2790, 855, 2295
2789, 855, 2250
2745, 855, 2295
2699, 900, 2475
2745, 855, 2250
2790, 855, 2295
2745, 855, 2295
2744, 810, 2340
2700, 855, 2295
2655, 900, 3645
2745, 855, 2250
2744, 855, 2295
2700, 855, 2250
2700, 855, 2250
2745, 855, 2295
2744, 855, 2295
2744, 855, 2295
2744, 855, 2250
2655, 855, 2295
2700, 810, 2295
2699, 855, 2250
2655, 855, 2295
2700, 855, 2295
2699, 855, 2295
2699, 810, 2295
3014, 855, 2295
2699, 900, 2250
2699, 855, 2295
2655, 855, 2295
2700, 900, 2250
2700, 855, 2250
2700, 855, 2295
2789, 810, 2250
2655, 855, 2295
2699, 900, 2295
2744, 855, 2250
2700, 855, 2250
2790, 810, 2295
2700, 945, 2250
2744, 900, 2295
2744, 855, 2340
2744, 855, 2295
2655, 855, 2295
2655, 900, 2520
2744, 855, 2250
2925, 900, 2250
2700, 855, 2250
2655, 900, 2250
2699, 900, 2295
2699, 855, 2250
2745, 855, 2295
2700, 810, 2295
2969, 900, 2295
2745, 810, 2295
2699, 810, 2250
2655, 810, 2250
2700, 855, 2250
3600, 855, 3060
3465, 810, 2295
2700, 810, 3105
3195, 855, 2295
3645, 810, 2835
2699, 855, 2250
3690, 855, 2880
2700, 810, 2295
2789, 855, 2655
3239, 855, 2295
4275, 855, 2835
2744, 855, 2250
2700, 855, 3105
3015, 810, 2340
3689, 810, 2700
2699, 855, 2430
2654, 810, 2340
2700, 900, 2295
2699, 810, 2295
2700, 855, 2340
2699, 855, 2250
2745, 810, 2250
2700, 810, 2250
2700, 855, 2295
2744, 810, 2295
2744, 855, 2250
2700, 810, 2250
2700, 810, 2250
2699, 855, 2250
2700, 810, 2295
2699, 855, 2295
2700, 810, 2295
2654, 900, 2250
2655, 855, 2250
2655, 855, 2295
2655, 855, 2295
2699, 855, 2250
2880, 855, 2295
2655, 855, 2295
2699, 855, 2250
2745, 855, 2250
2654, 855, 2250
2610, 855, 2295
2699, 810, 2295
2699, 855, 2295
2744, 855, 2250
2700, 855, 2250
2699, 855, 2295
2699, 810, 2295
2654, 900, 2295
2700, 810, 2295
2699, 855, 2295
2654, 855, 2295
2699, 855, 2295
2745, 855, 2250
2700, 855, 2250
2655, 855, 2295
2699, 855, 2295
2654, 855, 2250
2655, 855, 2250
2700, 810, 2250
2700, 810, 2295
2699, 900, 2250
2700, 810, 2295
2699, 900, 2250
2699, 855, 2250
2700, 810, 2250
2700, 855, 2790
2699, 900, 2340
2745, 855, 2295
2699, 900, 2250
2655, 900, 2250
2700, 855, 2295
2699, 855, 2295
2700, 855, 2295
2744, 855, 2250
2655, 855, 2250
2699, 855, 2250
2655, 855, 2250
2700, 810, 2295
2699, 855, 2250
2699, 810, 2250
2700, 810, 2385
2700, 810, 2250
2655, 810, 2295
2654, 855, 2295
2654, 810, 2295
2654, 855, 2250
2655, 855, 2295
2699, 855, 2250
2700, 855, 2295
2699, 810, 2250
2700, 810, 2295
2654, 855, 2295
2654, 855, 2295
2699, 810, 2295
2654, 855, 2295
2655, 810, 2295
2744, 855, 2295
2700, 855, 2295
2699, 855, 2295
2699, 810, 2295
2699, 855, 2295
2655, 855, 2295
2699, 855, 2295
2654, 855, 2250
2655, 855, 2250
2700, 855, 2295
2699, 855, 2250
2655, 810, 2340
2745, 855, 2295
2699, 855, 2295
2744, 810, 2250
2970, 855, 2295
2745, 810, 2295
2655, 810, 2340
2700, 855, 2295
2699, 855, 2250
2700, 855, 2295
2700, 810, 2295
2744, 855, 2250
2700, 855, 2250
2700, 810, 2250
2745, 810, 2295
2699, 855, 2340
2700, 810, 2295
2699, 810, 2295
2699, 810, 2295
2700, 810, 2295
2655, 810, 2295
2700, 855, 2250
2700, 855, 2250
2655, 855, 2295
2610, 810, 2295
2655, 855, 2295
2700, 810, 2250
2655, 855, 2295
2655, 810, 2295
2699, 810, 2250
2700, 765, 2295
2744, 900, 2250
2700, 810, 2295
2700, 855, 2250
2655, 855, 2250
2700, 855, 2250
2655, 855, 2295
2655, 810, 2295
2655, 810, 2295
2654, 810, 2340
2610, 900, 2250
2655, 810, 2250
2655, 855, 2250
2655, 810, 2295
2654, 855, 2250
2655, 810, 2295
2699, 810, 2250
2655, 810, 2295
2654, 810, 2250
2655, 810, 2250
2700, 810, 2250
2699, 855, 2250
2655, 855, 2250
2655, 810, 2295
2699, 810, 2295
2789, 855, 2250
2700, 810, 2250
2700, 855, 2250
2700, 855, 2295
2699, 855, 2295
2699, 855, 2295
2699, 855, 2250
2745, 855, 2295
2699, 945, 2655
2655, 855, 2295
3059, 855, 2295
2699, 855, 2295
2969, 855, 2295
2699, 855, 2250
2655, 855, 2205
2655, 855, 2295
2700, 810, 2295
2699, 855, 2340
2744, 855, 2250
2745, 855, 2295
2745, 810, 2250
2700, 855, 2250
2700, 810, 2295
2655, 855, 2250
2699, 855, 2250
2700, 810, 2250
2700, 810, 2295
2745, 810, 2295
2699, 855, 2250
2790, 810, 2250
2655, 810, 2295
2700, 810, 2295
2655, 855, 2250
2700, 810, 2295
2699, 810, 2295
2699, 810, 2295
2700, 855, 2295
2744, 855, 2250
2700, 810, 2250
2700, 810, 2250
2655, 855, 3105
2790, 810, 2250
2699, 900, 2250
2744, 855, 2250
2744, 810, 2250
2700, 855, 2250
2744, 855, 2250
2700, 855, 2250
2744, 855, 2250
2700, 855, 2250
2700, 855, 2340
2699, 855, 2205
2655, 855, 2250
2655, 810, 2250
2700, 855, 2250
2654, 900, 2295
2655, 855, 2250
2699, 855, 2250
2655, 855, 2295
2655, 900, 2250
2699, 855, 2295
2699, 855, 2250
2700, 855, 2250
2700, 855, 2295
2744, 855, 2250
2700, 855, 2295
2744, 855, 2295
2744, 900, 2295
2700, 900, 2340
2700, 900, 2295
2744, 855, 2250
2700, 855, 2295
2700, 855, 2295
2744, 900, 2295
2700, 900, 2250
2700, 855, 2250
2700, 855, 2295
2700, 900, 2250
2700, 855, 2295
2699, 855, 2250
2700, 855, 2250
2655, 900, 2295
2655, 900, 2205
2700, 900, 2295
2700, 855, 2295
2699, 855, 2250
2700, 855, 2295
2699, 900, 2250
2700, 810, 2295
2744, 900, 2250
2745, 900, 2430
2744, 810, 2475
2744, 855, 2295
2925, 855, 2295
2700, 855, 2295
2969, 900, 2295
2925, 900, 2295
2744, 855, 2295
4139, 855, 2385
2970, 855, 3420
2700, 855, 2295
2700, 855, 2250
2700, 855, 2250
2655, 855, 2295
2700, 855, 2295
2700, 855, 2295
2699, 855, 2295
2700, 900, 2295
2699, 810, 2295
2699, 855, 2340
2699, 900, 2295
2744, 900, 2250
2700, 900, 2250
2700, 900, 2295
2745, 855, 2295
2700, 900, 2295
2655, 900, 2385
2699, 945, 2250
2700, 900, 2295
2655, 855, 2295
2745, 900, 2250
2700, 855, 2295
2700, 900, 2250
2655, 900, 2250
2700, 855, 2295
2699, 855, 2295
2699, 855, 2295
2700, 900, 2295
2744, 900, 2295
2744, 900, 2295
2744, 855, 2295
2655, 900, 2250
2700, 945, 2340
3059, 900, 2340
2970, 810, 2385
3014, 855, 2295
2700, 900, 2250
2700, 900, 2250
2700, 900, 2295
2789, 855, 2295
2925, 900, 2295
2699, 900, 2250
2700, 855, 2250
2700, 855, 2295
2744, 855, 2295
2699, 900, 2340
2699, 855, 2250
2700, 855, 2250
2700, 855, 2295
2700, 855, 2295
2655, 855, 2295
2699, 855, 2250
2700, 855, 2295
2699, 900, 2250
2655, 900, 2250
2655, 855, 2250
2655, 855, 2295
2700, 855, 2295
2654, 900, 2250
2655, 855, 2295
2745, 855, 2295
2655, 855, 2295
2654, 900, 2250
2745, 855, 2295
2700, 855, 2250
2745, 900, 2250
2745, 855, 2295
2700, 855, 2295
2699, 810, 2295
2699, 810, 2295
2744, 765, 2295
2699, 810, 2430
2700, 810, 2340
2744, 855, 2205
2700, 855, 2250
2700, 855, 2250
2745, 810, 2295
2700, 810, 2295
2700, 810, 2295
2699, 855, 2250
2745, 810, 2250
2700, 810, 2295
2745, 855, 2340
2700, 855, 2250
2700, 810, 2295
2700, 855, 2250
2699, 810, 2295
2700, 810, 2295
2700, 810, 2295
2744, 900, 2250
2655, 855, 2250
2655, 855, 2295
2700, 855, 2250
2700, 810, 2250
2700, 810, 2250
2790, 855, 2250
2699, 855, 2250
2700, 855, 2295
2655, 810, 2250
2700, 855, 2250
2699, 855, 2295
2744, 810, 2295
2700, 810, 2295
2655, 810, 2295
2699, 810, 2295
2655, 810, 2250
2655, 810, 2295
2744, 810, 2295
2699, 855, 2295
2699, 810, 2250
2790, 855, 2250
2744, 855, 2250
2745, 855, 2250
2700, 855, 2250
2700, 855, 2250
2744, 810, 2295
2699, 855, 2250
2745, 810, 2295
2699, 810, 3240
2744, 810, 2430
2700, 810, 2295
2744, 810, 2250
2835, 810, 2250
2700, 855, 2250
2745, 855, 2250
2700, 855, 2250
2700, 855, 2250
2700, 855, 2205
2700, 855, 2205
2745, 810, 2250
2700, 810, 2250
2745, 810, 2250
2699, 855, 2205
2700, 810, 2250
2700, 810, 2250
2700, 810, 2250
2700, 765, 2295
2700, 810, 2295
2744, 810, 2340
2700, 810, 2250
2699, 855, 2250
2655, 810, 2295
2700, 855, 2295
2699, 855, 2295
2655, 855, 2295
2790, 990, 2250
2744, 900, 2250
2700, 855, 2295
2789, 810, 2340
2744, 900, 2295
2699, 900, 2295
2700, 855, 2295
2699, 855, 2295
2699, 855, 2250
2700, 855, 2250
2700, 810, 2295
2789, 810, 2250
2745, 855, 2295
2744, 855, 2250
2700, 810, 2295
5174, 990, 2295
2744, 810, 2250
2744, 810, 2250
2745, 855, 2295
2745, 810, 2250
2700, 810, 2295
2700, 810, 2295
2655, 855, 9495
2835, 945, 2160
2700, 810, 2250
2654, 900, 2205
2655, 855, 2295
2654, 810, 2250
2654, 855, 2250
2655, 810, 2340
2699, 810, 2205
2655, 810, 2250
2655, 810, 2295
2700, 855, 2205
2700, 810, 2250
2700, 855, 2340
2700, 810, 2340
2699, 855, 2250
2655, 810, 2430
2700, 810, 2250
2655, 810, 2250
2700, 855, 2295
2655, 855, 2250
2699, 810, 2250
2745, 855, 2295
2700, 855, 2250
2699, 855, 2295
2699, 855, 2340
2699, 855, 2250
2700, 900, 2295
2655, 855, 2340
2699, 855, 2205
2655, 900, 2250
2699, 855, 2295
2744, 855, 2205
2700, 855, 2250
2654, 855, 2295
2744, 810, 2250
2699, 810, 2250
2700, 810, 2295
2745, 765, 2250
2744, 810, 2340
2744, 810, 2475
2744, 900, 2250
2700, 810, 2295
2655, 900, 2295
2700, 855, 2250
2655, 855, 2250
2700, 855, 2295
2745, 855, 2340
2700, 855, 2250
2744, 855, 2205
2745, 810, 2250
2745, 855, 2295
2699, 855, 2250
2745, 810, 2295
2699, 810, 2295
2745, 900, 2250
2700, 855, 2250
2699, 810, 2295
2745, 900, 2205
2700, 855, 2295
2745, 810, 2340
2745, 855, 2205
2700, 855, 2250
2700, 855, 2295
2700, 900, 2205
2700, 900, 2250
2745, 855, 2295
2745, 855, 2205
2700, 855, 2250
2700, 855, 2295
2745, 900, 2205
2790, 855, 2295
2744, 810, 2520
2789, 855, 2250
2790, 855, 2295
2699, 810, 2340
2745, 810, 2295
2745, 810, 2295
2745, 810, 2340
2744, 855, 2250
2700, 855, 2340
2700, 810, 2340
2789, 810, 2250
2790, 810, 2295
2744, 855, 2295
2745, 810, 2295
2700, 855, 2295
2744, 810, 2340
2745, 810, 2250
2699, 810, 2295
2700, 810, 2340
2744, 810, 2250
2655, 855, 2250
2700, 810, 2340
2744, 855, 2250
2745, 855, 2295
2789, 855, 2295
2790, 810, 2295
2699, 855, 2295
2744, 855, 2340
2744, 855, 2250
2745, 810, 2295
2699, 855, 2340
2700, 900, 2250
2655, 855, 2340
2744, 855, 2340
3014, 810, 2295
2744, 855, 2340
2700, 900, 2295
2790, 855, 2250
2699, 855, 2295
2745, 810, 2385
2744, 810, 2430
2745, 855, 2340
2700, 810, 2295
2699, 855, 2295
2699, 855, 2340
2744, 855, 2250
2790, 810, 2295
2699, 855, 2340
2789, 810, 2250
2700, 810, 2295
2744, 810, 2295
2700, 855, 2250
2700, 810, 2295
2655, 855, 2340
2744, 900, 2205
2700, 855, 2295
2700, 810, 2340
2700, 855, 2250
2745, 810, 2295
2700, 855, 2340
2700, 855, 2250
2835, 855, 2250
2700, 810, 2295
2700, 855, 2295
2700, 855, 2250
2744, 855, 2340
2744, 810, 2250
2700, 855, 2295
2744, 855, 2295
2745, 855, 2250
2700, 855, 2295
2789, 855, 2340
2789, 855, 2250
2790, 855, 2295
2744, 855, 2385
2700, 900, 2250
2744, 855, 2205
2700, 855, 2295
2700, 900, 2205
2700, 855, 2295
2699, 900, 3105
2745, 855, 2250
2700, 900, 2295
2745, 855, 2295
2744, 810, 2250
2655, 855, 2250
2969, 765, 2340
2699, 855, 2205
2700, 855, 2250
2655, 810, 2340
2744, 810, 2250
2700, 855, 2250
2700, 855, 2295
2745, 855, 2295
2699, 855, 2340
2699, 855, 2340
2699, 810, 2250
2655, 900, 2295
2654, 855, 2295
2700, 855, 2205
2700, 810, 2295
2654, 855, 2340
2699, 855, 2250
2654, 855, 2250
2655, 810, 2340
2699, 855, 2295
2700, 855, 2295
2700, 900, 2340
2700, 855, 2250
2655, 855, 2295
2655, 855, 2295
2699, 855, 2250
2700, 810, 2295
2745, 810, 2250
2655, 855, 2250
2699, 855, 2340
2789, 855, 2250
2744, 810, 2340
2655, 855, 2295
2700, 855, 2250
2655, 900, 2250
2655, 900, 2295
2700, 855, 2340
2744, 855, 2295
2744, 900, 2295
2744, 900, 2250
2789, 810, 2295
2745, 945, 2295
2745, 810, 2250
2700, 855, 2250
2700, 900, 2295
2745, 810, 2250
2744, 810, 2250
2699, 900, 2295
2789, 810, 2205
2700, 855, 2205
2700, 810, 2295
2745, 810, 2205
2700, 855, 2250
2745, 810, 2295
2744, 855, 2250
2700, 855, 2250
2745, 855, 2385
2745, 810, 2295
2699, 855, 2250
2700, 855, 2295
2790, 855, 2205
2745, 855, 2250
2744, 855, 2295
2745, 855, 2250
2745, 810, 2295
2700, 855, 2340
2744, 855, 2250
2745, 900, 2295
2789, 900, 2340
2744, 855, 2250
2744, 855, 2250
2700, 855, 2295
2790, 810, 2250
2745, 855, 2250
2745, 810, 2340
2789, 810, 2250
2745, 810, 2250
2745, 810, 2295
2745, 855, 2205
2700, 855, 2295
2835, 810, 2385
2744, 855, 2250
2744, 855, 2250
2745, 855, 2295
2745, 855, 2205
2745, 855, 2250
2700, 855, 2295
2744, 855, 2340
2744, 810, 2205
2745, 855, 2295
2699, 855, 2250
2745, 855, 2385
2745, 855, 2250
2744, 855, 2295
2789, 855, 2385
2789, 810, 2295
2745, 810, 2295
2700, 855, 2340
2744, 900, 2250
2745, 855, 2295
2700, 810, 2340
2789, 855, 2295
2745, 855, 2295
2699, 855, 2340
2745, 855, 2295
2745, 900, 2430
2700, 855, 2475
2789, 855, 2250
2744, 855, 2250
2700, 900, 2295
2745, 855, 2250
2700, 810, 2295
2699, 855, 2295
2745, 855, 2250
2700, 855, 2250
2835, 810, 2340
2789, 810, 2250
2745, 810, 2295
2744, 810, 2340
2745, 855, 2295
2700, 855, 2340
2744, 810, 2340
2790, 855, 2295
2700, 855, 2295
2700, 855, 2340
2834, 810, 2295
2700, 900, 2295
2699, 810, 2340
2700, 855, 2295
2699, 855, 2295
2655, 855, 2340
2745, 855, 2475
2655, 900, 2295
2699, 855, 2340
2745, 855, 2385
2700, 855, 2295
2745, 855, 2295
2700, 900, 2250
2834, 855, 2295
2700, 855, 2385
2790, 855, 2250
2745, 855, 2295
2790, 855, 2340
2745, 855, 2250
2745, 855, 2295
2789, 810, 2340
2835, 810, 2430
2745, 810, 2295
2789, 810, 2340
2745, 855, 2250
2745, 855, 2295
2745, 855, 2340
2789, 810, 2295
2745, 855, 2340
2790, 855, 2250
2790, 900, 2250
2700, 855, 2340
2744, 810, 2295
2700, 855, 2250
2700, 900, 2250
2700, 855, 2250
2745, 855, 2295
2744, 855, 2475
2699, 855, 2250
2700, 855, 2250
2699, 855, 2250
2700, 855, 2295
2655, 855, 2250
2655, 855, 2250
2700, 810, 2295
2655, 900, 2250
2655, 810, 2295
2654, 855, 2340
2699, 810, 2295
2700, 810, 2295
2700, 855, 2295
2655, 855, 2250
2700, 855, 2295
2655, 855, 2295
2700, 810, 2295
2610, 855, 2295
2700, 900, 2250
2744, 810, 2295
2699, 855, 2340
2744, 855, 2295
2744, 900, 2340
2789, 855, 2295
2699, 810, 2295
2700, 855, 2250
2699, 855, 2295
2744, 855, 2295
2745, 855, 2295
2700, 810, 2250
2655, 900, 2295
2655, 855, 2250
2655, 855, 2295
2700, 855, 2250
2700, 855, 2250
2700, 855, 2250
2655, 855, 2295
2699, 855, 2295
2699, 855, 2295
2744, 810, 2205
2745, 810, 2340
2745, 855, 2250
2700, 810, 2340
2699, 810, 2295
2699, 855, 2250
2745, 810, 2295
2700, 855, 2295
2700, 810, 2295
2745, 855, 2295
2744, 810, 2250
2655, 810, 2295
2745, 855, 2250
2700, 810, 2295
2610, 855, 2250
2699, 855, 2295
2744, 810, 2250
2700, 810, 2340
2789, 855, 2250
2745, 810, 2205
2700, 810, 2250
2700, 765, 2250
2655, 810, 2295
2655, 855, 2250
2700, 810, 2340
2699, 855, 2250
2655, 810, 2295
2655, 855, 2250
2655, 810, 2340
2699, 810, 2250
2655, 810, 2295
2700, 855, 2205
2655, 855, 2250
2655, 810, 2250
2790, 810, 2295
2700, 855, 2250
2744, 855, 2295
2699, 855, 2250
2655, 855, 2295
2699, 855, 2205
2655, 855, 2250
2700, 855, 2250
2699, 855, 2295
2744, 810, 2250
2700, 855, 2295
2744, 855, 2250
2700, 810, 2295
2925, 855, 2295
2700, 855, 2295
2699, 855, 2250
2745, 855, 2340
2655, 855, 2205
2700, 855, 2295
2700, 900, 2205
2700, 810, 2340
2699, 810, 2250
2700, 855, 2250
2655, 855, 2250
2700, 855, 2250
2700, 855, 2250
2655, 855, 2295
2789, 810, 2250
2745, 810, 2340
2744, 810, 2340
2744, 855, 2295
2699, 855, 2295
2699, 855, 2295
2700, 810, 2250
2700, 855, 2250
2745, 810, 2250
2700, 855, 2295
2789, 855, 2250
2700, 855, 2250
2700, 900, 2385
2744, 855, 2295
2700, 855, 2295
2789, 855, 2340
2699, 855, 2250
2700, 810, 2295
2789, 810, 2250
2700, 855, 2295
2700, 855, 2250
2700, 855, 2295
2835, 855, 2295
2700, 810, 2295
2699, 855, 2250
2700, 810, 2340
2700, 855, 2250
2744, 855, 2295
2745, 810, 2250
2700, 855, 2295
2655, 810, 2295
2655, 855, 2295
2655, 855, 2250
2655, 810, 2295
2700, 855, 2295
2789, 855, 2295
2744, 855, 2250
2699, 855, 2295
2700, 855, 2250
2700, 810, 2295
2744, 810, 2295
2700, 855, 2250
2700, 855, 2250
2700, 810, 2295
2655, 810, 2340
2744, 810, 2295
2744, 855, 2250
2699, 900, 2295
2700, 810, 2340
2655, 855, 2295
2655, 810, 2250
2655, 810, 2295
2655, 855, 2250
2700, 855, 2250
2700, 810, 2250
2655, 855, 2340
2745, 810, 2295
2655, 855, 2295
2700, 810, 2205
2745, 855, 2250
2745, 855, 2250
2745, 810, 2295
2744, 810, 2250
2745, 810, 2295
2700, 810, 2295
2700, 810, 2295
2700, 810, 2250
2699, 855, 2295
2745, 855, 2250
2745, 990, 2295
2700, 900, 2295
2699, 900, 2340
2744, 810, 2250
2655, 855, 2295
2700, 855, 2205
2745, 855, 2295
2700, 855, 2250
2655, 855, 2295
2744, 810, 2250
2700, 810, 2295
2700, 810, 2250
2655, 855, 2250
2700, 855, 2250
2699, 810, 2295
2699, 855, 2205
2655, 855, 2250
2655, 855, 2205
2700, 810, 2250
2790, 810, 2295
2699, 900, 2340
2744, 810, 2295
2745, 810, 2295
2700, 900, 2205
2700, 855, 2295
2700, 900, 2250
2744, 855, 2250
2745, 810, 2295
2700, 855, 2250
2745, 855, 2295
2699, 855, 2295
2744, 855, 2250
2744, 810, 2295
2700, 855, 2250
2744, 810, 2295
2744, 855, 2250
2700, 855, 2295
2744, 855, 2205
2700, 900, 2295
2699, 900, 2205
2700, 855, 2250
2744, 855, 2205
2744, 810, 2295
2700, 855, 2250
2655, 855, 2250
2655, 900, 2205
2744, 810, 2295
2699, 855, 2205
2745, 810, 2295
2789, 855, 2250
2700, 810, 2295
2700, 900, 2205
2700, 810, 2340
2655, 900, 2250
2699, 855, 2295
2700, 810, 2295
2700, 855, 2250
2700, 855, 2250
2654, 900, 2250
2700, 810, 2295
2699, 855, 2295
2699, 855, 2250
2655, 855, 2295
2699, 855, 2205
2655, 855, 2250
2745, 855, 2250
2699, 810, 2295
2699, 855, 2205
2700, 855, 2250
2745, 855, 2340
2700, 810, 2250
2700, 810, 2250
2744, 855, 2295
2744, 855, 2250
2655, 855, 2250
2700, 855, 2250
2699, 810, 2295
2744, 810, 2250
2655, 855, 2250
2700, 810, 2250
2744, 810, 2295
2700, 855, 2250
3015, 855, 2340
2969, 855, 2250
2970, 810, 2295
2970, 810, 2475
2970, 810, 2880
2699, 855, 2250
2655, 810, 2250
2700, 810, 2295
2699, 810, 2250
2699, 810, 2250
2700, 810, 2295
2700, 855, 2295
2744, 810, 2250
2700, 810, 2250
2699, 855, 2250
2745, 855, 2205
2700, 855, 2295
2700, 810, 2340
2655, 810, 2295
2744, 810, 2250
2700, 810, 2385
2655, 855, 2295
2744, 810, 2295
2744, 855, 2295
2700, 900, 2250
2655, 810, 2250
2700, 810, 2205
2700, 810, 2385
2789, 810, 2430
2744, 855, 2250
2745, 810, 2340
2700, 810, 2295
2699, 810, 2205
2700, 810, 2250
2655, 810, 2295
2655, 810, 2295
2655, 855, 2340
2655, 855, 2250
2744, 855, 2205
2655, 855, 2250
2789, 810, 2295
2745, 855, 2295
2745, 855, 2295
2789, 810, 2250
2744, 855, 2385
2745, 855, 2250
2744, 810, 2295
2699, 855, 2250
2655, 855, 2250
2700, 810, 2250
2699, 810, 2250
2744, 810, 2295
2699, 855, 2295
2700, 855, 2295
2700, 810, 2340
2655, 855, 2295
2699, 810, 2250
2700, 810, 2295
2699, 810, 2295
2744, 855, 2250
2700, 810, 2250
2744, 855, 2250
2744, 810, 2205
2700, 810, 2295
2744, 810, 2295
2699, 810, 2250
2700, 810, 2250
2700, 810, 2385
2655, 810, 2295
2790, 810, 2295
2699, 810, 2295
2744, 855, 2250
2655, 855, 2340
2744, 810, 2250
2700, 765, 2295
2700, 810, 2250
2744, 810, 2430
2700, 810, 2205
2744, 810, 2295
2700, 810, 2250
2744, 810, 2250
2700, 855, 2250
2700, 810, 2295
2700, 810, 2250
2790, 810, 2250
2655, 810, 2250
2700, 855, 2250
2699, 855, 2205
2655, 810, 2250
2700, 810, 2250
2700, 855, 2340
2654, 855, 2205
2700, 855, 2295
2744, 810, 2250
2700, 810, 2295
2699, 810, 2250
2744, 855, 2250
2700, 810, 2250
2700, 855, 2250
2655, 855, 2340
2655, 855, 2430
2745, 810, 2250
2745, 855, 2340
2699, 855, 2250
2654, 855, 2295
2699, 855, 2205
2655, 810, 2295
2744, 810, 2205
2700, 810, 2295
2655, 810, 2250
2654, 855, 2250
2655, 810, 2250
2700, 810, 2250
2700, 855, 2250
2699, 810, 2295
2699, 900, 2250
2699, 810, 2250
2655, 810, 2250
2699, 855, 2295
2700, 810, 2205
2700, 855, 2250
2700, 810, 2250
2699, 810, 2295
2700, 810, 2205
2655, 855, 2295
2655, 810, 2295
2699, 810, 2295
2699, 855, 2205
2655, 855, 2250
2744, 855, 2205
2700, 900, 2385
2700, 855, 2385
2700, 810, 2430
2700, 810, 2205
2744, 855, 2250
2655, 855, 2250
2700, 855, 2250
2700, 810, 2250
2699, 810, 2295
2745, 810, 2250
2699, 855, 2385
2700, 810, 2205
2745, 855, 2250
2700, 855, 2250
2744, 855, 2250
2744, 855, 2205
2700, 855, 2250
2744, 810, 2250
2744, 810, 2250
2745, 855, 2205
2700, 855, 2250
2789, 810, 2250
2700, 855, 2295
2745, 810, 2250
2700, 855, 2250
2745, 855, 2250
2789, 810, 2385
2790, 855, 2205
2790, 810, 2295
2700, 855, 2250
2744, 810, 2295
2745, 810, 2250
2700, 855, 2295
2789, 810, 2205
2700, 855, 2295
2744, 855, 2205
2700, 855, 2295
2745, 855, 2205
2745, 855, 2340
2744, 810, 2250
2700, 855, 2295
2745, 855, 2250
2699, 855, 2295
2790, 810, 2250
2655, 855, 2295
2700, 900, 2205
2700, 855, 2250
2655, 855, 2205
2700, 855, 2295
2610, 855, 2250
2655, 855, 2250
2655, 900, 2250
2610, 855, 2340
2655, 855, 2250
2744, 855, 2250
2700, 900, 2250
2700, 855, 2295
2744, 900, 2205
2745, 855, 2295
2744, 855, 2250
2699, 855, 2295
2745, 900, 2250
2700, 810, 2340
2655, 900, 2295
2655, 900, 2250
2745, 855, 2205
2655, 855, 2295
2655, 810, 2250
2699, 810, 2250
2655, 855, 2250
2655, 810, 2295
2700, 855, 2295
2655, 855, 2295
2699, 855, 2250
2655, 855, 2340
2655, 900, 2250
2745, 810, 2250
2655, 855, 2250
2744, 810, 2295
2700, 855, 2295
2700, 900, 2250
2700, 855, 2250
2700, 900, 2295
2744, 855, 2250
2744, 855, 2340
2745, 855, 2250
2700, 855, 2295
2745, 855, 2250
2700, 855, 2295
2745, 855, 2250
2700, 855, 2250
2700, 855, 2295
2700, 855, 2295
2700, 810, 2295
2745, 855, 2295
2745, 810, 2250
2699, 810, 2340
2744, 810, 2250
2700, 810, 2430
2699, 810, 2250
2699, 810, 2295
2699, 810, 2250
2699, 855, 2295
2744, 810, 2250
2699, 810, 2340
2744, 810, 2295
2655, 810, 2295
2744, 810, 2250
2700, 765, 2295
2789, 810, 2295
2700, 810, 2295
2700, 810, 2205
2700, 855, 2295
2744, 810, 2205
2745, 855, 2295
2744, 810, 2250
2744, 855, 2295
2745, 855, 2205
2790, 900, 2250
2700, 855, 2205
2745, 855, 2340
2789, 810, 2250
2700, 855, 2295
2744, 810, 2250
2744, 810, 2340
2699, 855, 2205
2745, 810, 2295
2745, 855, 2205
2700, 855, 2250
2700, 855, 2250
2744, 855, 2295
2744, 855, 2205
2655, 855, 2250
2655, 855, 2250
2745, 855, 2295
2744, 810, 2205
2700, 855, 2295
2699, 810, 2295
2655, 810, 2295
2700, 810, 2250
2699, 855, 2295
2654, 855, 2250
2744, 810, 2295
2655, 855, 2250
2699, 810, 2295
2699, 855, 2295
2699, 855, 2250
2745, 810, 2205
2700, 855, 2295
2700, 855, 2250
2699, 810, 2250
2700, 810, 2295
2744, 810, 2250
2699, 855, 2205
2745, 810, 2295
2744, 855, 2205
2700, 855, 2250
2655, 855, 2250
2700, 810, 2295
2700, 855, 2250
2699, 810, 2295
2655, 855, 2295
2699, 855, 2295
2699, 810, 2250
2655, 810, 2295
2744, 810, 2295
2699, 810, 2295
2744, 810, 2250
2700, 810, 2295
2745, 855, 2295
2744, 855, 2340
2700, 900, 2250
2655, 900, 2250
2655, 855, 2295
2699, 810, 2295
2700, 855, 2250
2655, 810, 2295
2700, 855, 2295
2744, 855, 2295
2744, 855, 2250
2655, 855, 2250
2700, 855, 2250
2654, 855, 2250
2655, 810, 2250
2655, 810, 2295
2699, 810, 2250
2744, 810, 2295
2744, 855, 2250
2655, 855, 2250
2700, 810, 2295
2700, 810, 2295
2655, 855, 2250
2700, 810, 2295
2700, 855, 2205
2700, 855, 2250
2745, 855, 2250
2700, 900, 2250
2655, 855, 2250
2699, 900, 2250
2700, 855, 2250
2699, 855, 2295
2655, 855, 2250
2700, 810, 2295
2700, 810, 2295
2700, 810, 2250
2745, 855, 2250
2745, 810, 2295
2700, 855, 2250
2699, 810, 2250
2745, 810, 2250
2789, 765, 2295
2744, 855, 2205
2745, 810, 2250
2700, 855, 2205
2745, 810, 2295
2744, 810, 2295
2744, 810, 2295
2700, 810, 2250
2745, 810, 2295
2745, 810, 2295
2789, 810, 2250
2790, 810, 2295
2699, 855, 2250
2745, 810, 2295
2789, 810, 2250
2745, 810, 2295
2745, 765, 2295
2789, 810, 2295
2744, 855, 2250
2790, 855, 2295
2745, 810, 2295
2700, 810, 2250
2745, 810, 2295
2745, 810, 2295
2789, 855, 2250
2745, 810, 2295
2745, 855, 2295
2745, 810, 2295
2789, 810, 2295
2745, 810, 2295
2745, 855, 2250
2700, 810, 2295
2745, 810, 2295
2835, 855, 2295
2789, 810, 2250
2745, 855, 2250
2700, 855, 2250
2700, 810, 2340
2744, 810, 2295
2745, 810, 3195
3285, 855, 3105
3375, 855, 2295
2745, 855, 2295
3599, 855, 2340
3374, 855, 2295
3375, 855, 3555
2655, 855, 3330
2655, 855, 3825
3420, 855, 3060
2655, 810, 3555
3284, 855, 2295
2700, 765, 2295
3375, 810, 2295
2745, 765, 2295
2699, 855, 2295
2744, 900, 2205
2700, 855, 2250
2700, 855, 2205
2700, 810, 2340
2744, 810, 2340
2700, 810, 2295
2699, 855, 2295
2699, 855, 2295
2700, 855, 2295
2700, 810, 2295
2700, 855, 2250
2745, 855, 2250
2700, 855, 2295
2699, 855, 2250
2699, 855, 2295
2699, 855, 2250
2655, 855, 2295
2744, 810, 2295
2745, 810, 2295
2745, 810, 2385
2744, 810, 2295
2700, 855, 2250
2745, 810, 2250
2700, 900, 2295
2744, 810, 2295
2744, 855, 2250
2745, 810, 2295
2700, 810, 2340
2744, 810, 2250
2700, 855, 2250
2700, 810, 2250
2790, 810, 2295
2700, 810, 2295
2699, 855, 2340
2744, 855, 2340
2700, 990, 2295
2744, 945, 2250
2655, 900, 2340
2744, 900, 2250
2745, 810, 2250
2700, 855, 2385
2745, 855, 2385
2745, 855, 2250
2700, 855, 2250
2744, 855, 2250
2835, 810, 2250
2700, 855, 2295
2699, 855, 2250
2700, 810, 2295
2655, 810, 2340
2699, 900, 2250
2655, 855, 2295
2699, 810, 2295
2655, 810, 2295
2655, 855, 2340
2700, 855, 2295
2745, 810, 2295
2700, 900, 2295
2699, 855, 2250
2700, 855, 2295
2745, 810, 2295
2744, 855, 2250
2745, 810, 2295
2700, 855, 2295
2744, 810, 2340
2699, 855, 2295
2700, 810, 2295
2655, 855, 2295
2700, 810, 2295
2745, 810, 2295
2699, 855, 2385
2744, 900, 2295
2789, 855, 2250
2744, 855, 2295
2745, 855, 2250
2700, 855, 2295
2744, 855, 2295
2789, 855, 2295
2744, 855, 2295
2790, 855, 2250
2700, 855, 2295
2789, 855, 2295
2744, 855, 2250
2745, 855, 2295
2744, 855, 2250
2700, 855, 2295
2699, 855, 2295
2745, 855, 2295
2699, 855, 2295
2700, 855, 2295
2789, 810, 2340
2655, 900, 2295
2744, 855, 2295
2745, 810, 2295
2700, 855, 2340
2655, 855, 2295
2700, 855, 2295
2699, 855, 2295
2744, 855, 2250
2789, 810, 2295
2745, 810, 2250
2655, 855, 2295
2789, 810, 2295
2699, 855, 2340
2700, 810, 2295
2700, 855, 2295
2655, 810, 2295
2700, 810, 2295
2700, 855, 2250
2700, 855, 2295
2655, 810, 2295
2655, 900, 2295
2790, 855, 2385
2700, 900, 2430
2744, 855, 2250
2700, 810, 2295
2700, 855, 2295
2744, 855, 2250
2700, 855, 2295
2700, 810, 2295
4005, 1710, 4545
5400, 1665, 4545
5400, 1710, 4545
4905, 855, 2295
2699, 855, 2295
2700, 855, 2250
2700, 855, 2295
2744, 855, 2250
2700, 810, 2295
2789, 855, 2295
2699, 855, 2295
2700, 855, 2295
2744, 855, 2295
2744, 810, 2295
2700, 855, 2250
2745, 810, 2295
2834, 855, 2295
2700, 810, 2430
2789, 810, 2295
2745, 810, 2250
2745, 855, 2205
2700, 855, 2250
2700, 810, 2250
2700, 900, 2295
2699, 855, 2250
2745, 810, 2430
2700, 810, 2295
2700, 855, 2250
2745, 810, 2295
2700, 855, 2295
2744, 855, 2250
2745, 855, 2250
2745, 810, 2295
2790, 900, 2250
2700, 855, 2250
2700, 855, 2250
2700, 855, 2295
2744, 855, 2295
2744, 855, 2250
2744, 900, 2250
2700, 855, 2250
2745, 810, 2250
2744, 855, 2205
2790, 855, 2250
2700, 900, 2250
2700, 855, 2250
2789, 810, 2205
2700, 855, 2250
2745, 810, 2250
2700, 810, 2385
2699, 855, 2250
2699, 900, 2250
2700, 810, 2295
2789, 900, 2250
2700, 900, 2205
2745, 855, 2295
2744, 855, 2295
2744, 810, 2385
2745, 810, 2295
2699, 900, 2295
2700, 855, 2250
2700, 855, 2250
2790, 855, 2250
2700, 855, 2295
2700, 900, 2250
2745, 855, 2385
2700, 900, 2295
2744, 855, 2250
2745, 810, 2250
2700, 855, 2250
2700, 900, 2250
2744, 855, 2250
2790, 855, 2250
2655, 900, 2295
2700, 855, 2250
2700, 900, 2250
2700, 855, 2250
2745, 810, 2295
2700, 855, 2250
2700, 810, 2250
2700, 810, 2250
2700, 810, 2250
2745, 855, 2340
2655, 855, 2250
2745, 810, 2250
2655, 855, 2385
2744, 810, 2295
2699, 855, 2295
2699, 855, 2250
2700, 810, 2295
2699, 855, 2250
2700, 855, 2295
2699, 855, 2250
2744, 810, 2295
2744, 810, 2250
2700, 855, 2295
2700, 810, 2250
2700, 855, 2250
2790, 855, 2250
2700, 855, 2250
2744, 810, 2250
2655, 900, 2205
2655, 810, 2295
2744, 810, 2295
2699, 855, 2250
2700, 810, 2430
2700, 855, 2250
2610, 855, 2295
2699, 810, 2295
2700, 855, 2295
2789, 810, 2250
2699, 855, 2250
2744, 810, 2250
2655, 810, 2295
2700, 855, 2250
2744, 855, 2295
2655, 855, 2250
2655, 855, 2250
2700, 855, 2295
2699, 855, 2340
2654, 900, 2250
2655, 900, 2475
2700, 855, 2295
2654, 900, 2295
2744, 855, 2250
2655, 900, 2250
2700, 855, 2250
2700, 855, 2250
2745, 810, 2295
2744, 855, 2250
2700, 900, 2295
2700, 900, 2250
2745, 855, 2295
2699, 900, 2250
2700, 810, 2340
2700, 900, 2250
2745, 855, 2295
2744, 855, 2295
2699, 900, 2250
2700, 855, 2250
2699, 855, 2295
2700, 855, 2250
2700, 855, 2295
2655, 855, 2250
2699, 855, 2250
2654, 855, 2430
2655, 810, 2295
2700, 855, 2250
2654, 855, 2295
2655, 855, 2205
2655, 855, 2250
2610, 855, 2340
2654, 810, 2250
2655, 855, 2250
2655, 810, 2250
2655, 810, 2295
2654, 855, 2250
2655, 855, 2250
2744, 855, 2250
2700, 810, 2295
2699, 855, 2295
2699, 855, 2295
2699, 810, 2295
2744, 855, 2295
2699, 855, 2295
2744, 810, 2295
2699, 855, 2295
2699, 855, 2250
2655, 855, 2295
2700, 855, 2250
2700, 855, 2295
2744, 855, 2295
2699, 855, 2250
2700, 900, 2295
2745, 810, 2295
2744, 855, 2250
2700, 810, 2295
2744, 900, 2250
2745, 855, 2250
2700, 900, 2250
2745, 855, 2250
2700, 855, 2340
2700, 855, 2340
2699, 900, 2295
2699, 855, 2385
2700, 810, 2475
2700, 855, 2250
2655, 900, 2250
2700, 855, 2250
2700, 855, 2250
2700, 810, 2340
2700, 810, 2295
2699, 855, 2250
2700, 855, 2250
2700, 855, 2250
2655, 855, 2205
2700, 810, 2250
2700, 855, 2295
2700, 855, 2295
2744, 810, 2250
2700, 855, 2430
2744, 855, 3330
2699, 855, 2250
2700, 855, 2250
2744, 855, 2250
2744, 810, 2250
2834, 810, 3645
2655, 855, 2385
2745, 855, 2430
2699, 855, 2385
2655, 900, 2250
2700, 810, 2295
2655, 855, 2205
2700, 810, 2250
2745, 855, 2340
2699, 855, 2205
2655, 855, 2295
2744, 810, 2385
2700, 855, 2295
2790, 765, 2250
2700, 855, 2250
2745, 810, 2295
2745, 855, 2250
2700, 855, 2250
2655, 900, 2385
2744, 810, 2475
2744, 855, 2295
2699, 855, 2250
2655, 855, 2250
2700, 855, 2250
2700, 855, 2340
2699, 900, 2295
2699, 855, 2295
2699, 855, 2430
2655, 900, 2205
2700, 900, 2205
2700, 855, 2250
2700, 810, 2250
2700, 900, 2250
2699, 855, 2250
2700, 900, 2205
2700, 855, 2385
2700, 855, 2340
2744, 855, 2250
2700, 855, 2250
2744, 900, 2205
2700, 945, 2205
2655, 900, 2295
2655, 900, 2385
2655, 900, 2475
2699, 855, 2295
2744, 855, 2250
2700, 855, 2250
2700, 810, 2295
2744, 810, 2250
2745, 855, 2250
2700, 855, 2430
2699, 900, 2430
2699, 855, 2250
2700, 765, 2250
2700, 855, 2250
2699, 810, 2250
2700, 810, 2430
2744, 810, 2385
2700, 855, 2430
2699, 810, 2430
2699, 855, 2250
2699, 810, 2295
2699, 855, 2295
2699, 810, 2295
2654, 855, 2295
2655, 855, 2430
2655, 855, 2430
2700, 855, 2385
2745, 855, 2250
2699, 855, 2250
2655, 855, 2205
2700, 810, 2295
2744, 855, 2250
2699, 810, 2250
2700, 810, 2475
2745, 855, 2430
2744, 855, 2250
2700, 855, 2250
2790, 855, 2250
2745, 855, 2205
2700, 855, 2250
2745, 855, 2250
2699, 855, 2385
2744, 900, 2430
2744, 855, 2205
2700, 810, 2295
2699, 855, 2250
2655, 855, 2250
2655, 810, 2295
2699, 855, 2250
2654, 855, 2385
2699, 810, 2430
2745, 855, 2250
2655, 810, 2250
2655, 855, 2250
2700, 855, 2205
2700, 855, 2250
2655, 855, 2250
2699, 855, 2385
2700, 810, 2430
2655, 855, 2250
2655, 810, 2250
2655, 855, 2250
2699, 810, 2250
2655, 855, 2250
2700, 810, 2250
2745, 855, 2250
2744, 810, 2340
2744, 855, 2205
2745, 855, 2250
2700, 900, 2250
2744, 810, 2250
2700, 855, 2250
2744, 855, 2250
2745, 855, 2250
2700, 855, 2295
2744, 855, 2250
2699, 855, 2250
2699, 855, 2295
2655, 855, 2250
2655, 855, 2250
2700, 810, 2295
2700, 810, 2385
2745, 810, 2385
2745, 855, 2250
2700, 855, 2250
2700, 855, 2250
2699, 855, 2295
2699, 855, 2295
2699, 900, 2250
2700, 855, 2430
2745, 810, 3600
2745, 810, 2295
2699, 855, 2250
2744, 855, 2250
2700, 810, 2295
2745, 810, 2250
2700, 855, 2250
2745, 855, 2430
2744, 855, 2430
2744, 855, 2340
2790, 855, 2250
2745, 810, 2295
2700, 855, 2250
2700, 855, 2250
2700, 855, 2250
2655, 900, 2385
2744, 855, 2430
2700, 810, 2250
2700, 810, 2250
2700, 855, 2295
2744, 855, 2250
2744, 855, 2250
2700, 855, 2250
2745, 855, 2475
2699, 855, 2430
2745, 810, 2250
2700, 810, 2250
2745, 810, 2250
2700, 855, 2250
2745, 855, 2295
2744, 810, 2295
2789, 810, 2475
2744, 855, 2475
2744, 810, 2295
2790, 810, 2295
2744, 855, 2250
2745, 810, 2250
2700, 855, 2295
2699, 855, 2295
2744, 855, 2295
2745, 810, 2295
2789, 810, 2250
2745, 855, 2340
2744, 810, 2295
2744, 810, 2295
2744, 810, 2295
2790, 855, 2295
2744, 855, 2250
2790, 855, 2250
2745, 810, 2295
2745, 810, 2295
2700, 855, 2250
2700, 810, 2250
2744, 855, 2250
2700, 855, 2295
2700, 855, 2385
2700, 855, 2475
2700, 810, 2295
2699, 855, 2340
2789, 810, 2295
2745, 900, 2295
2744, 855, 2295
2790, 855, 2295
2789, 855, 2385
2700, 855, 2430
2745, 855, 2250
2790, 855, 2250
2745, 810, 2295
2700, 855, 2295
2700, 900, 2250
2745, 900, 2295
2700, 855, 2205
2745, 900, 2385
2790, 810, 2250
2700, 900, 2295
2744, 900, 2385
2745, 900, 2340
2745, 900, 2250
2700, 855, 2295
2700, 855, 2430
2700, 945, 2475
2700, 855, 2295
2699, 855, 2340
2745, 855, 2250
2700, 900, 2250
2699, 855, 2295
2655, 900, 2250
2744, 810, 2430
2744, 855, 2475
2744, 855, 2295
2789, 1035, 2295
2744, 945, 2250
2745, 900, 2295
2745, 855, 2250
2699, 900, 2430
2789, 810, 2475
2699, 855, 2430
2700, 855, 2250
2655, 855, 2250
2699, 855, 2250
2655, 900, 2250
2699, 900, 2205
2745, 855, 2250
2744, 855, 2385
2700, 810, 2475
2744, 855, 2250
2700, 855, 2295
2700, 855, 2250
2790, 810, 2295
2700, 855, 2295
2700, 855, 2295
2699, 855, 2295
2699, 855, 2250
2700, 900, 2295
2744, 855, 2205
2700, 900, 2250
2700, 900, 2250
2790, 855, 2250
2790, 900, 2250
2745, 900, 2430
2879, 900, 2430
2700, 900, 2250
2745, 855, 2250
2700, 855, 2295
2744, 855, 2250
2700, 900, 2250
2745, 900, 2250
2744, 855, 3645
2745, 855, 2430
2700, 855, 2295
2700, 855, 2295
2744, 855, 2250
2700, 855, 2340
2700, 900, 2250
2700, 855, 2250
2655, 855, 2430
2699, 900, 2385
2655, 855, 2295
2700, 900, 2250
2700, 900, 2250
2700, 855, 2250
2655, 900, 2340
2699, 900, 2295
2700, 855, 2475
2655, 855, 2430
2655, 855, 2250
2655, 855, 2295
2655, 855, 2250
2700, 855, 2295
2700, 855, 2250
2655, 855, 2295
2655, 855, 2385
2700, 855, 2475
2699, 855, 2295
2699, 855, 2295
2699, 810, 2295
2700, 900, 2295
2789, 855, 2295
2655, 855, 2430
2699, 855, 2475
2699, 900, 2475
2700, 855, 2295
2655, 855, 2340
2699, 810, 2295
2744, 810, 2295
2699, 855, 2430
2699, 810, 2295
2700, 810, 2430
2789, 855, 2385
2655, 900, 2250
2744, 855, 2295
2699, 855, 2295
2744, 810, 2295
2700, 900, 2250
2745, 900, 2250
2655, 900, 2385
2699, 900, 2430
2699, 900, 2250
2700, 855, 2250
2655, 855, 2295
2789, 855, 2250
2655, 900, 2250
2655, 855, 2295
2654, 900, 2250
2610, 900, 2250
2699, 810, 2295
2699, 855, 2250
2610, 855, 2295
2699, 900, 2250
2700, 900, 2430
2699, 900, 2385
2655, 855, 2430
2655, 900, 2430
2744, 900, 2250
2655, 855, 2295
2699, 855, 2250
2610, 900, 2250
2655, 855, 2250
2655, 855, 2250
2655, 855, 2385
2655, 900, 2430
2744, 855, 2250
2655, 900, 2250
2655, 900, 2250
2655, 900, 2295
2699, 855, 2295
2699, 855, 2295
2700, 855, 2385
2700, 855, 2295
2655, 900, 2295
2790, 855, 2340
2744, 855, 2250
2745, 900, 2295
2699, 855, 2250
2700, 900, 2250
2700, 855, 2340
2699, 855, 2700
2699, 900, 2295
2699, 900, 2340
2745, 900, 2250
2700, 855, 2295
2699, 900, 2295
2700, 900, 2385
2745, 900, 2430
2700, 855, 2430
2700, 900, 2295
2699, 855, 2295
2655, 900, 2250
2700, 900, 2250
2700, 855, 2295
2699, 945, 2250
2700, 855, 2430
2700, 855, 2430
2700, 900, 2295
2699, 855, 2295
2745, 855, 2295
2699, 855, 2295
2744, 855, 2250
2655, 900, 2295
2700, 855, 2385
2745, 855, 2430
2745, 900, 2295
2655, 855, 2250
2700, 855, 2250
2700, 900, 2250
2744, 855, 2250
2745, 855, 2295
2699, 855, 2385
2700, 855, 2475
2700, 810, 2250
2700, 855, 2250
2655, 855, 2205
2700, 900, 2250
2699, 855, 2250
2700, 810, 2250
2655, 855, 2385
2745, 855, 2475
2699, 855, 2250
2655, 900, 2250
2699, 855, 2250
2655, 900, 2250
2700, 855, 2250
2700, 855, 2295
2699, 855, 2430
2700, 855, 3195
2700, 855, 2295
2699, 900, 2295
2654, 855, 2250
2700, 855, 2295
2699, 855, 2250
2700, 855, 2340
2699, 855, 2430
2655, 855, 3555
2699, 855, 2340
2700, 810, 2295
2655, 810, 2250
2700, 810, 2295
2655, 810, 2250
2655, 810, 2295
2610, 855, 2385
2655, 810, 2475
2610, 900, 2295
2699, 855, 2250
2699, 810, 2295
2655, 810, 2295
2699, 855, 2340
2700, 810, 2295
2700, 810, 2295
2699, 855, 2430
2699, 900, 2250
2700, 810, 2250
2699, 855, 2250
2699, 855, 2250
2700, 810, 2340
2789, 810, 2295
2699, 810, 2250
2700, 855, 2205
2655, 855, 2250
2700, 900, 2205
2699, 855, 2250
2699, 810, 2250
2699, 855, 2250
2789, 765, 2250
2744, 900, 2385
2789, 810, 2430
2834, 810, 2250
2655, 855, 2295
2699, 810, 2250
2699, 810, 2250
2700, 900, 2205
2700, 855, 2205
2700, 855, 2430
2744, 855, 2430
2744, 810, 2250
2700, 810, 2250
2745, 810, 2250
2790, 810, 2295
2744, 900, 2250
2700, 855, 2250
2745, 810, 2430
2789, 855, 2430
2700, 855, 2250
2700, 810, 2295
2699, 900, 2205
2745, 855, 2250
2744, 855, 2250
2744, 855, 2295
2745, 810, 2430
2699, 855, 2430
2744, 810, 2295
2700, 855, 2250
2700, 855, 2250
2655, 855, 2250
2699, 810, 2295
2655, 810, 2295
2655, 855, 2430
2699, 855, 2430
2700, 810, 2295
2699, 810, 2250
2700, 765, 2340
2655, 810, 2295
2654, 855, 2250
2745, 810, 2295
2655, 810, 2295
2744, 810, 2430
2700, 810, 2295
2700, 810, 2295
2700, 810, 2250
2700, 810, 2295
2744, 810, 2250
2700, 855, 2250
2745, 810, 2475
2834, 810, 2475
2745, 810, 2250
2700, 810, 2250
2700, 855, 2295
2700, 855, 2295
2699, 855, 2295
2699, 855, 2250
2700, 810, 2295
2700, 810, 2340
2699, 810, 2295
2700, 855, 2250
2655, 855, 2250
2700, 810, 2250
2700, 855, 2250
2700, 855, 2250
2655, 855, 2295
2699, 855, 2430
2655, 810, 2250
2745, 855, 2250
2655, 810, 2340
2744, 855, 2250
2700, 855, 2250
2745, 855, 2250
2700, 855, 2385
2745, 900, 2430
2745, 810, 2250
2790, 855, 2250
2700, 810, 2250
2700, 855, 2295
2700, 855, 2295
2699, 855, 2250
2700, 810, 2295
2699, 855, 2250
2700, 810, 2250
2700, 855, 2340
2700, 810, 2295
2744, 855, 2250
2744, 810, 2250
2700, 810, 2295
2699, 855, 2430
2744, 810, 3240
2744, 855, 2250
2745, 810, 2295
2700, 810, 2295
2789, 810, 2250
2700, 855, 2250
2745, 855, 2250
2745, 855, 2385
2700, 810, 3375
2835, 855, 2250
2744, 810, 2295
2789, 810, 2250
2745, 810, 2250
2744, 855, 2295
2744, 810, 2250
2745, 810, 2205
2745, 810, 2250
2745, 855, 2250
2744, 855, 2250
2700, 855, 2295
2744, 855, 2250
2745, 855, 2205
2700, 855, 2205
2700, 855, 2205
2745, 810, 2295
2744, 855, 2250
2744, 855, 2295
2744, 810, 2250
2745, 855, 2250
2745, 765, 2295
2744, 810, 2295
2744, 810, 2430
2699, 855, 2475
2744, 810, 2295
2834, 810, 2295
2745, 855, 2250
2745, 855, 2295
2745, 810, 2295
2789, 855, 2295
2744, 855, 2385
2700, 855, 2430
2745, 855, 2250
2700, 855, 2295
2744, 810, 2250
2700, 810, 2295
2744, 810, 2250
2700, 855, 2295
2700, 855, 2295
2789, 900, 2295
2789, 810, 2295
2699, 810, 2295
2700, 855, 2250
2700, 855, 2295
2744, 855, 2295
2655, 855, 2295
2700, 810, 2250
2700, 855, 2385
2700, 810, 2295
2700, 855, 2295
2700, 855, 2250
2745, 810, 2295
2745, 855, 2250
2745, 855, 2250
2655, 855, 2295
2745, 855, 2250
2700, 855, 2250
2745, 855, 2295
2744, 855, 2295
2700, 855, 2250
2745, 855, 2295
2744, 810, 2295
2700, 855, 2295
2700, 855, 2295
2700, 900, 2295
2699, 855, 2250
2700, 900, 2295
2699, 900, 2295
2789, 900, 2295
2700, 855, 2295
2744, 855, 2385
2700, 855, 2295
2655, 900, 2250
2700, 855, 2295
2699, 855, 2250
2745, 810, 2250
2700, 810, 2295
2699, 855, 2250
2700, 855, 2250
2699, 855, 2385
2745, 855, 2295
2744, 810, 2250
2700, 810, 2295
2699, 810, 2295
2744, 810, 2295
2700, 855, 2205
2745, 855, 2250
2745, 855, 2295
2700, 855, 2295
2744, 855, 2250
2700, 855, 2295
2700, 855, 2295
2744, 810, 2295
2699, 855, 2250
2790, 900, 2430
2700, 855, 2475
2744, 855, 2295
2744, 855, 2295
2699, 855, 2250
2700, 900, 2250
2745, 810, 2295
2744, 900, 2295
2834, 810, 2295
2745, 855, 2295
2700, 900, 2250
2745, 855, 2295
2699, 810, 2340
2744, 900, 2250
2699, 900, 2295
2700, 810, 2295
2699, 855, 2295
2745, 855, 2250
2700, 855, 2295
2699, 855, 2295
2745, 855, 2295
2744, 855, 2295
2790, 855, 2250
2745, 855, 2250
2745, 810, 2430
2745, 855, 2430
2744, 810, 2295
2700, 855, 2250
2745, 855, 2295
2744, 900, 2250
2790, 810, 2295
2700, 900, 2295
2700, 855, 2295
2700, 810, 2520
2700, 900, 2250
2700, 855, 2340
2700, 855, 2295
2700, 855, 2250
2700, 810, 2295
2700, 855, 2250
2700, 855, 2250
2700, 855, 2250
2744, 855, 2340
2744, 900, 2250
2700, 855, 2295
2699, 900, 2250
2700, 900, 2250
2745, 855, 2250
2700, 855, 2295
2790, 810, 2475
2744, 855, 2250
2700, 855, 2250
2655, 855, 2250
2655, 855, 2250
2699, 810, 2295
2699, 810, 2250
2700, 810, 2475
2655, 855, 2475
2699, 855, 2250
2655, 810, 2250
2655, 900, 2250
2655, 855, 2250
2699, 810, 2250
2745, 810, 2250
2655, 900, 2250
2700, 810, 2250
2700, 855, 2250
2699, 855, 2250
2699, 900, 2250
2700, 855, 2250
2745, 855, 2250
2655, 855, 2250
2790, 855, 2385
2744, 900, 2475
2700, 855, 2295
2744, 900, 2295
2700, 900, 2250
2700, 900, 2295
2699, 900, 2295
2655, 900, 2295
2744, 855, 2430
2745, 855, 2430
2745, 810, 2295
2744, 855, 2250
2700, 855, 2250
2655, 900, 2295
2700, 855, 2430
2700, 855, 2250
2700, 855, 2430
2699, 900, 2430
2700, 855, 2250
2700, 900, 2295
2745, 855, 2295
2700, 900, 2250
2700, 855, 2295
2699, 900, 2250
2700, 855, 2430
2744, 855, 2475
2699, 855, 2250
2700, 810, 2340
2699, 900, 2250
2745, 810, 2295
2700, 855, 2430
2655, 900, 2475
2789, 810, 2790
2700, 855, 2520
2700, 2610, 2430
